143411560
350463671
702125057
2492316359
35698156
415047936
621081590
536156811
952307677
122926455
377661420
261233274
342986698
1359938924
312022325
818935714142425088
1327247010
1271916373
105666098
3075308660
3235711272
35698156
2680988376
2502387314
3185114198
766940395
352660013
840841058649026560
3986485589
1635517298
2761601496
1654716900
860977051
2322256305
954277116
1088259001
708004835652722688
363938087
1642976054
376801186
753659326192050176
1322407549
432478917
855563969830027267
3041836664
2987660330
4821520581
2172283339
2667092834
764497572576784385
2223227943
4547335828
2999589744
2916941283
755610053734957057
1936802948
802186469377015810
3221552318
1271916373
535628575
777724995657236480
184974443
264904730
3309569041
823623691598708736
