259263914
3255874008
365736274
2838221713
3507859033
153442746
114681544
2206792434
48885851
468206518
2882814692
2199403033
4828553699
4889149939
4816924104
3188136595
4794273313
2889559951
806580150636838913
492631267
591354652
2237779140
393889048
33874730
1037173178
120730902
371074031
393889048
401619486
2943242406
175753267
3227162300
114681544
856612371300847616
26487544
286577558
805657688042520576
3570025633
250822972
769925521299894272
2504392256
54945643
4851263029
242698543
743061752326303744
106036881
27593271
1389241123
2578551721
749380538897694720
67115717
3306785641
824372386132856833
333599847
591354652
240588534
2447438498
48885851
298454075
728515986966478848
1513885297
2223896143
3432824074
243996750
2438385999
4406953066
50581631
370321724
2583869204
2743380311
840170969704607747
2446681054
2194713143
778923455949467648
742864944673132544
233514122
2562539929
259263914
2469297722
4109084957
4828553699
827506974510161922
915588048
421975286
3367326285
815262371161735169
554101580
797108379319750657
3032121132
74424902
121295983
731431784278200320
74424902
1361422573
2975054498
3282271836
457828421
3311673889
2948447567
3271627674
701777854007095298
789107826295701504
295116565
740649806666727425
2869658609
2869658609
716004575879102464
701315607195549696
753346437337997312
906516067
694634188272766977
848867635689402369
715170689339097089
2976790350
@aya12br => 856524055247290379