282271756
69769721
336496829
261298993
245756822
3456867210
526272105
1470248089
137430059
409231604
3316215082
2589346640
2200672306
161637320
226350647
574687489
282271756
1657460082
326412091
1566745562
839388911612887040
2640295389
986043386
1242101930
458309170
229266487
2234966281
222432957
581732084
603828369
2611730932
111722370
843762822584696834
1864562306
737210876
3380440781
423606523
833053819747631105
2478212268
2475824104
770670057697443842
1456898516
3017872969
742102628977369088
3113110610
3715950925